SIMPLE  = T
BITPIX  = -32
NAXIS   = 2
NAXIS1  = 145
NAXIS2  = 200
EXTEND  = T
EQUINOX = 2000.0
CTYPE2  = 'DEC--TAN'
CTYPE1  = 'RA---TAN'
RADECSYS= 'FK5'
CRPIX1  = 72.0
CRPIX2  = 100.0
CRVAL1  = 334.36633
CRVAL2  = -17.31878
CD1_1   =  2.11637070e-05
CD2_1   =  3.70237825e-05
CD1_2   = -3.67692640e-05
CD2_2   =  2.17982031e-05
CUNIT1  =  ' '
CUNIT2  =  ' '
