SIMPLE  = T
BITPIX  = -32
NAXIS   = 2
NAXIS1  = 500
NAXIS2  = 700
EXTEND  = T
EQUINOX = 2000.0
CTYPE2  = 'DEC--TAN'
CTYPE1  = 'RA---TAN'
RADECSYS= 'FK5'
CRPIX1  = 250.0
CRPIX2  = 350.0
CRVAL1  = 334.37380
CRVAL2  = -17.32392
CD1_1   =  2.11637070e-05
CD2_1   =  3.70237825e-05
CD1_2   = -3.67692640e-05
CD2_2   =  2.17982031e-05
CUNIT1  =  ' '
CUNIT2  =  ' '
